1 34.01 1.1038 28.24 1.1190
2 57.87 1.0116 42.35 1.0471
3 68.53 0.9379 54.12 1.0116
4 80.71 0.8557 65.88 0.9512
5 84.26 0.7710 61.18 0.9247
6 81.22 0.6772 58.82 0.8818
7 75.63 0.6234 50.59 0.9029
8 91.88 0.4870 68.24 0.8041
9 93.91 0.4564 63.53 0.8333
10 96.45 0.3370 61.18 0.8693
11 95.43 0.2701 68.24 0.8338
12 98.98 0.1906 62.35 0.8282
13 98.48 0.1712 62.35 0.8847
14 100.0 0.1150 60.00 0.9031
15 98.48 0.1371 58.82 0.9504
16 99.49 0.0945 51.76 1.0697
17 100.0 0.0468 52.94 1.0909
18 99.49 0.0385 57.65 1.1263
19 98.98 0.0524 52.94 1.4675
20 99.49 0.0325 52.94 1.5380
21 100.0 0.0173 61.18 1.1697
22 100.0 0.0121 58.82 1.2816
23 100.0 0.0097 61.18 1.1008
24 100.0 0.0100 57.65 1.3865
25 100.0 0.0106 54.12 1.3511
26 100.0 0.0095 56.47 1.4081
27 100.0 0.0063 62.35 1.1919
28 100.0 0.0048 56.47 1.5452
29 100.0 0.0036 62.35 1.2621
30 100.0 0.0027 62.35 1.2953
31 100.0 0.0024 62.35 1.2730
32 100.0 0.0020 56.47 1.5948
33 100.0 0.0022 61.18 1.2977
34 100.0 0.0022 61.18 1.3152
35 100.0 0.0019 61.18 1.3706
36 100.0 0.0022 60.00 1.3068
37 100.0 0.0015 60.00 1.4161
38 100.0 0.0017 61.18 1.2871
39 100.0 0.0013 57.65 1.4679
40 100.0 0.0011 58.82 1.4790
41 100.0 0.0009 58.82 1.5778
42 100.0 0.0008 56.47 1.6970
43 100.0 0.0008 56.47 1.6764
44 100.0 0.0008 57.65 1.6618
45 100.0 0.0008 62.35 1.5107
46 100.0 0.0007 58.82 1.7309
47 100.0 0.0007 58.82 1.6168
48 100.0 0.0007 63.53 1.5906
49 100.0 0.0006 64.71 1.5961
50 100.0 0.0006 63.53 1.5522
