1 44.16 1.0702 38.82 1.1105
2 54.82 1.0370 40.00 1.0910
3 58.38 0.9923 42.35 1.0681
4 65.99 0.9660 38.82 1.0563
5 77.66 0.8995 47.06 1.0256
6 78.17 0.8326 41.18 1.0213
7 75.13 0.8362 50.59 1.0013
8 83.76 0.7195 52.94 0.9373
9 86.80 0.5572 49.41 0.9238
10 93.91 0.5184 63.53 0.8607
11 90.86 0.4571 69.41 0.8084
12 94.42 0.3473 60.00 0.8012
13 91.37 0.3531 51.76 0.8634
14 96.45 0.2249 62.35 0.8064
15 98.48 0.1621 63.53 0.7901
16 99.49 0.1381 68.24 0.7924
17 97.46 0.1330 55.29 0.9755
18 100.0 0.0772 60.00 0.7922
19 100.0 0.0612 65.88 0.8457
20 99.49 0.0588 62.35 0.9401
21 100.0 0.0451 61.18 1.0007
22 99.49 0.0459 62.35 1.0095
23 100.0 0.0241 61.18 0.9277
24 100.0 0.0143 61.18 0.9432
25 100.0 0.0132 62.35 1.0854
26 100.0 0.0122 61.18 0.9622
27 100.0 0.0133 60.00 1.0780
28 100.0 0.0093 65.88 1.2820
29 100.0 0.0098 62.35 0.9888
30 100.0 0.0065 62.35 1.0845
31 100.0 0.0068 61.18 1.0562
32 100.0 0.0097 60.00 1.2180
33 100.0 0.0045 64.71 1.2055
34 100.0 0.0032 64.71 1.1138
35 100.0 0.0029 64.71 1.1067
36 100.0 0.0022 62.35 1.1795
37 100.0 0.0035 63.53 1.3111
38 100.0 0.0021 64.71 1.1708
39 100.0 0.0016 62.35 1.2210
40 100.0 0.0032 56.47 1.1267
41 100.0 0.0028 64.71 1.0916
42 100.0 0.0021 65.88 1.1249
43 100.0 0.0019 65.88 1.2122
44 100.0 0.0017 65.88 1.1855
45 100.0 0.0015 64.71 1.1553
46 100.0 0.0012 65.88 1.1934
47 100.0 0.0010 65.88 1.3272
48 100.0 0.0009 65.88 1.2293
49 100.0 0.0009 65.88 1.2395
50 100.0 0.0009 65.88 1.2307
