1 56.35 1.0420 38.82 1.1002
2 47.21 1.0499 32.94 1.1110
3 55.33 1.0379 41.18 1.0731
4 60.41 1.0192 50.59 1.0732
5 59.90 1.0283 42.35 1.0704
6 64.97 0.9980 40.00 1.0688
7 64.47 0.9952 50.59 1.0516
8 65.99 0.9644 51.76 1.0341
9 62.94 0.9484 44.71 1.0227
10 82.23 0.8685 56.47 0.9913
11 76.65 0.8353 62.35 0.9533
12 86.29 0.7555 60.00 0.9304
13 81.22 0.6987 60.00 0.8883
14 91.37 0.6434 68.24 0.8452
15 90.36 0.5541 65.88 0.8013
16 96.45 0.4694 62.35 0.8007
17 94.92 0.4267 63.53 0.7730
18 92.89 0.3775 65.88 0.7646
19 96.95 0.3112 68.24 0.7231
20 98.48 0.2249 68.24 0.6735
21 96.95 0.2336 68.24 0.7161
22 98.98 0.1702 67.06 0.6874
23 97.97 0.1912 67.06 0.6871
24 100.0 0.1096 71.76 0.6474
25 99.49 0.1022 69.41 0.6940
26 100.0 0.0883 70.59 0.6580
27 100.0 0.0715 67.06 0.7359
28 100.0 0.0534 65.88 0.7250
29 100.0 0.0383 65.88 0.7091
30 100.0 0.0430 71.76 0.7205
31 100.0 0.0476 65.88 0.8191
32 100.0 0.0307 70.59 0.7738
33 100.0 0.0195 67.06 0.8083
34 100.0 0.0179 69.41 0.7695
35 100.0 0.0141 67.06 0.8525
36 100.0 0.0121 65.88 0.8893
37 100.0 0.0084 74.12 0.7853
38 100.0 0.0184 65.88 0.9614
39 100.0 0.0089 71.76 0.7842
40 100.0 0.0068 68.24 0.7479
41 100.0 0.0063 64.71 0.8214
42 100.0 0.0072 72.94 0.7841
43 100.0 0.0070 65.88 0.9110
44 100.0 0.0051 70.59 0.8177
45 100.0 0.0068 65.88 0.9269
46 100.0 0.0072 64.71 0.9030
47 100.0 0.0045 67.06 0.8877
48 100.0 0.0040 69.41 0.8877
49 100.0 0.0038 70.59 0.8890
50 100.0 0.0044 71.76 0.8592
